620 478 3
322 542 3
266 138 5
467 746 8
177 198 2
708 892 3
741 10 2
88 997 7
244 103 10
829 73 10
286 485 1
773 520 6
347 494 9
533 123 10
12 454 3
187 399 2
90 584 1
927 268 10
241 384 9
146 11 7
799 392 3
513 867 9
588 719 5
751 847 5
318 641 8
717 522 8
923 26 6
960 432 3
590 580 5
725 175 1
765 180 9
970 754 9
165 758 2
341 301 4
673 853 5
795 832 9
62 955 5
272 674 10
58 145 10
977 859 2
570 267 6
279 406 8
839 658 5
847 214 1
851 510 5
445 67 4
435 4 5
215 263 2
152 518 2
199 906 8
833 385 8
500 161 9
386 529 1
204 611 6
653 87 1
393 527 4
612 889 1
336 542 4
516 596 2
417 328 6
434 360 8
203 179 3
493 290 6
641 141 7
742 711 7
47 370 6
195 376 8
378 860 2
761 751 6
677 140 3
833 566 8
442 743 7
31 39 6
672 427 2
386 596 6
82 972 4
167 562 1
60 187 5
836 710 3
441 758 9
265 430 8
246 736 7
778 863 6
787 5 10
194 257 8
393 173 4
784 233 6
200 785 9
965 859 4
3 826 8
137 650 8
880 625 10
334 725 2
985 873 8
672 310 9
732 80 8
549 227 3
727 733 7
129 337 10
141 394 1
242 807 5
655 354 9
238 78 2
523 948 5
56 636 6
325 206 6
736 558 7
821 40 4
38 646 10
22 612 10
986 883 7
437 292 6
487 74 2
561 903 5
826 595 4
207 33 2
886 928 7
681 574 2
140 134 5
487 450 8
89 927 8
785 604 6
656 150 10
64 977 2
692 754 3
195 648 8
634 662 4
82 369 7
367 598 2
278 270 8
266 99 8
561 774 2
5 400 1
659 405 7
861 18 1
955 540 2
776 678 10
406 717 9
453 112 7
951 271 3
623 818 4
289 946 7
529 724 10
305 449 10
701 102 1
912 526 7
568 284 6
22 675 5
339 22 1
486 59 3
180 292 8
411 934 2
183 89 8
267 362 4
592 884 5
7 201 3
75 19 4
425 973 3
797 660 7
731 87 10
537 185 2
686 81 6
122 276 4
243 166 2
813 54 4
113 799 8
513 408 8
622 897 4
388 147 8
603 719 1
849 428 9
915 217 9
863 840 5
886 274 3
17 738 10
196 946 4
271 908 9
931 161 5
239 835 8
72 538 6
282 856 9
63 577 6
567 253 7
922 950 7
439 911 2
813 152 9
131 678 4
962 287 3
384 626 8
934 287 10
275 290 8
870 543 7
749 720 4
917 141 6
114 10 4
9 857 5
244 590 8
776 854 1
150 984 2
870 871 3
289 663 3
167 10 9
639 324 10
724 420 8
758 580 8
431 312 6
840 686 7
195 993 7
349 647 3
827 726 9
746 404 4
197 824 3
53 158 10
251 152 1
141 13 1
677 406 7
590 347 4
15 800 8
297 650 10
267 153 6
291 238 9
68 518 1
238 315 5
237 161 8
998 549 1
216 579 9
639 465 8
416 498 6
324 893 10
18 617 8
338 366 9
609 545 7
729 936 4
962 234 9
843 155 1
144 672 6
804 802 1
108 821 8
749 238 8
378 87 8
187 908 8
482 249 6
842 880 7
593 88 5
949 166 10
406 201 6
183 331 2
544 758 1
991 598 2
800 427 5
617 156 3
775 783 9
160 331 3
689 231 1
148 552 10
634 705 2
94 32 8
733 648 7
816 121 4
183 181 8
215 819 4
55 200 2
39 494 10
913 70 2
687 86 7
855 185 8
929 909 2
823 541 10
294 783 10
373 593 3
274 396 1
848 371 7
331 484 6
635 18 10
83 268 4
312 743 6
836 325 8
206 917 6
553 13 2
240 522 8
51 727 6
790 511 9
973 67 5
857 798 7
925 858 8
528 238 10
383 403 8
712 298 7
350 180 4
658 923 8
872 136 9
665 716 10
66 445 9
120 896 6
458 288 5
405 498 3
960 515 7
316 879 8
529 756 7
377 691 2
194 79 2
578 546 9
949 97 5
932 466 5
696 328 3
34 636 2
285 287 5
788 940 4
211 74 3
926 596 8
493 151 1
268 827 4
780 490 4
419 172 9
198 102 6
303 391 5
655 413 1
335 751 3
296 945 1
477 542 1
221 258 8
538 27 7
24 474 10
877 632 6
482 193 10
965 202 7
685 832 9
326 606 2
711 507 6
867 690 3
461 679 8
842 869 7
960 319 10
913 426 4
506 647 3
507 186 2
76 784 6
825 59 6
994 916 5
354 283 10
729 274 1
435 482 1
819 815 1
692 289 4
131 235 5
56 658 3
731 71 6
548 719 6
269 224 1
830 508 3
274 723 5
181 796 10
202 206 6
375 170 5
588 771 4
442 681 8
961 632 8
491 567 7
22 916 1
816 250 1
395 188 3
290 487 2
429 985 4
71 718 4
241 794 7
97 398 10
218 459 6
680 656 9
610 371 6
835 113 2
626 491 1
71 181 3
766 436 5
247 979 7
817 844 9
242 201 1
506 455 8
5 643 5
500 541 3
84 589 5
503 105 8
406 25 5
237 638 7
893 126 7
638 890 2
809 685 7
581 219 4
617 609 3
392 526 1
509 144 4
32 98 7
646 563 1
541 197 9
347 399 9
866 162 5
776 655 1
310 206 5
745 803 7
919 814 9
25 724 6
412 781 9
489 736 9
30 610 9
161 886 7
218 510 10
864 297 6
208 369 2
536 522 7
225 481 6
903 611 3
457 162 9
29 742 8
720 27 10
874 285 1
855 812 5
472 514 10
344 986 2
956 951 5
147 263 2
548 644 1
571 161 4
128 691 3
591 426 8
368 0 1
639 247 1
69 485 6
354 7 1
278 152 7
617 7 3
171 276 9
97 631 3
622 616 3
177 831 6
641 643 8
967 725 1
121 315 5
421 487 2
435 179 9
119 923 7
34 298 7
259 43 1
776 79 9
847 633 5
340 423 7
542 846 3
268 703 10
228 523 4
226 991 5
423 374 3
387 546 2
419 878 6
792 427 2
679 242 2
59 241 8
94 797 10
49 8 5
760 88 7
624 358 7
585 946 7
408 610 10
138 247 5
681 309 3
591 720 4
271 125 1
219 270 3
602 278 4
665 507 9
143 130 10
244 996 4
295 18 6
248 886 5
171 200 1
378 410 6
675 779 1
679 206 2
594 646 10
305 964 6
372 444 9
958 217 6
417 764 8
4 762 10
472 260 2
376 764 6
65 25 6
406 90 9
419 848 3
702 614 2
591 448 3
670 367 6
510 970 6
984 4 2
41 411 5
525 756 2
177 584 9
608 90 5
361 862 10
655 189 8
418 492 1
432 581 6
139 597 10
579 891 1
646 54 2
268 597 9
811 222 8
183 365 5
428 707 6
239 784 6
413 126 7
304 532 5
224 741 7
900 329 2
345 874 7
857 679 3
837 689 3
121 966 8
341 72 9
440 696 5
820 921 2
996 717 3
339 947 4
211 963 6
352 890 3
719 530 2
749 101 10
131 610 7
330 346 5
78 733 9
569 13 4
252 732 1
639 31 2
868 911 4
72 107 8
532 286 3
827 961 1
760 210 8
605 176 7
756 300 9
428 161 1
456 429 1
990 747 5
572 364 5
427 781 6
948 816 8
562 852 6
298 565 9
359 154 10
730 155 2
566 849 1
560 744 6
688 943 3
725 73 4
38 559 10
419 5 4
673 695 5
815 64 4
706 116 5
760 830 7
786 305 4
91 968 7
702 924 1
8 211 4
307 234 5
906 165 4
642 560 9
920 417 1
862 886 8
664 106 8
501 154 6
371 523 6
407 701 10
151 491 2
78 509 2
472 336 6
794 549 2
303 353 8
932 596 4
306 112 2
906 835 3
741 280 1
871 632 10
383 406 2
700 539 1
659 774 9
565 297 7
366 880 5
111 450 4
194 749 9
959 805 2
590 550 3
985 259 7
246 36 10
101 814 4
41 733 2
712 115 2
955 836 1
877 836 6
378 402 5
679 122 10
783 840 3
89 718 7
986 907 10
766 231 9
656 445 4
3 482 5
907 508 8
510 554 3
508 12 7
364 670 3
387 705 9
944 231 7
206 809 10
333 989 10
280 207 7
950 260 6
538 264 9
924 34 6
411 372 9
281 440 1
500 414 7
447 875 8
899 847 8
691 843 4
328 155 4
727 305 1
710 249 6
273 631 2
236 953 7
603 325 10
740 595 9
736 558 9
437 909 9
264 380 10
546 274 2
9 701 2
645 175 7
386 348 10
441 666 8
718 313 7
916 884 10
333 696 5
654 846 8
265 783 1
258 225 2
137 909 9
852 329 9
245 816 5
688 925 9
210 845 1
544 74 6
682 327 8
98 743 3
784 601 3
207 228 4
959 226 1
925 655 3
185 289 4
692 621 10
500 726 5
14 506 7
237 706 9
714 549 5
716 208 9
265 236 1
179 57 4
353 376 7
444 610 9
42 558 5
166 731 1
906 45 9
327 723 3
909 195 6
520 720 9
843 795 5
910 861 4
87 585 6
44 0 2
792 532 5
632 999 2
888 906 1
710 693 3
159 726 10
951 910 8
502 401 3
703 7 9
121 837 5
502 1 8
888 853 1
64 186 7
47 378 6
26 47 9
327 665 8
249 452 5
985 93 3
351 100 2
341 579 5
193 721 4
571 541 5
363 908 2
153 612 3
405 675 5
858 241 9
643 684 9
418 196 8
526 102 5
233 799 3
331 354 7
429 214 4
925 884 5
74 508 6
103 59 1
966 270 5
228 460 8
116 722 10
139 69 6
691 307 4
319 690 10
846 610 9
35 104 3
605 316 7
346 73 7
382 706 7
86 900 2
999 855 4
993 241 3
529 970 2
632 99 4
942 526 10
127 463 4
788 366 4
605 764 10
824 320 4
445 394 4
704 222 6
283 265 3
691 958 8
723 788 4
337 406 2
288 782 1
344 436 10
744 807 1
579 781 2
222 414 9
606 41 7
516 864 5
30 622 2
613 543 8
872 753 2
556 969 1
924 826 1
703 890 3
152 466 6
327 839 10
812 116 7
699 492 1
642 580 3
435 127 1
275 4 6
98 305 2
922 564 7
38 558 8
140 59 1
168 210 1
111 85 7
386 517 4
55 571 3
474 209 10
40 196 1
720 910 7
287 671 8
343 469 4
44 721 3
520 624 5
493 408 6
240 552 6
968 930 6
324 144 2
169 650 3
728 805 10
415 647 9
248 651 6
736 152 10
670 512 5
715 103 1
737 733 1
232 274 1
211 751 6
613 727 4
762 887 7
56 723 3
266 419 3
63 611 2
492 998 2
513 822 8
637 593 8
591 497 7
981 406 2
948 220 6
250 127 2
418 956 1
926 239 9
522 636 2
410 114 7
774 329 7
52 904 6
378 587 1
932 40 1
464 194 9
849 963 7
117 850 5
961 352 10
620 976 2
169 732 5
935 58 5
537 561 10
594 100 5
643 720 9
169 945 7
499 437 2
272 699 8
321 980 1
246 299 2
277 953 9
873 540 4
318 275 7
584 751 10
573 439 2
382 589 1
178 461 5
876 415 6
892 585 7
618 889 10
237 974 7
34 63 9
744 82 7
180 311 9
839 860 10
951 769 9
971 654 10
737 268 3
430 120 3
677 121 3
998 198 9
913 491 7
40 745 3
583 970 1
390 578 1
688 158 6
680 171 6
377 190 8
54 829 3
44 400 10
860 250 5
298 519 1
492 243 8
349 465 2
560 335 6
591 877 5
905 605 10
249 539 2
248 258 7
562 75 5
528 588 4
617 23 5
874 928 9
234 421 8
601 995 2
908 914 8
928 942 3
253 366 1
118 709 5
358 514 5
465 576 4
112 173 5
717 283 2
455 173 4
832 197 7
500 548 2
841 491 6
880 919 9
791 888 3
609 458 3
747 193 4
427 183 6
981 525 5
718 545 7
747 893 2
425 496 8
444 48 8
109 817 2
359 647 6
2 740 2
165 204 6
408 471 6
251 450 1
813 656 2
249 217 8
399 935 6
859 726 3
808 191 7
79 41 7
793 567 8
726 687 6
582 68 2
303 972 4
29 886 5
44 618 7
170 761 5
922 311 7
216 125 1
505 360 3
465 401 3
883 616 5
548 895 3
18 844 2
481 519 8
712 274 7
625 76 7
785 240 9
213 698 4
766 524 1
152 89 9
723 856 9
552 463 8
800 209 2
288 488 8
902 790 7
619 411 1
998 647 1
169 17 10
514 921 6
844 548 10
488 385 5
315 549 2
884 120 5
278 803 9
61 739 4
136 944 2
523 355 1
947 892 7
759 330 5
87 923 6
724 217 3
743 749 5
389 459 1
428 160 9
693 107 6
40 776 8
409 269 2
844 846 5
725 333 10
279 650 9
743 2 9
855 809 7
732 883 9
139 765 3
499 660 3
216 456 1
76 53 5
941 45 6
976 201 9
793 527 9
536 246 1
684 775 2
357 734 4
350 329 10
712 72 7
899 333 3
974 465 2
427 420 7
931 754 7
845 524 3
805 516 6
53 508 8
62 496 9
956 572 2
863 114 1
39 999 7
669 821 2
782 394 4
613 633 5
5 949 6
12 70 1
148 146 10
724 641 7
705 5 6
813 391 5
926 373 3
845 965 4
767 903 10
165 70 10
659 904 1
355 362 1
335 313 5
892 363 7
370 473 8
552 515 6
299 717 5
712 55 1
614 636 6
480 740 9
185 600 2
59 359 5
85 803 9
447 103 5
436 990 4
252 285 9
338 228 5
603 885 7
939 108 7
464 981 4
72 352 6
37 390 8
699 1 1
885 423 4
705 391 3
986 689 4
144 554 7
2 825 3
50 468 3
730 82 7
410 16 1
246 26 7
723 54 7
38 338 4
974 807 5
561 920 9
136 256 6
87 349 5
656 818 3
288 710 2
446 597 2
984 940 1
656 660 8
873 585 2
951 30 2
155 105 5
766 156 8
851 990 1
655 225 9
81 696 2
48 873 1
797 768 2
758 256 9
725 365 5
782 466 3
469 354 7
247 296 6
794 787 4
948 668 9
460 700 4
45 150 6
452 15 4
406 893 9
901 685 4
786 694 6
561 512 2
499 657 5
649 247 3
17 990 7
443 910 3
242 18 4
492 109 7
338 714 10
368 401 1
83 703 4
127 146 6
237 376 10
889 788 1
981 349 8
496 446 9
939 597 9
601 584 1
909 910 2
55 382 9
737 909 10
569 840 8
797 522 4
946 594 2
822 884 5
481 667 4
168 453 5
594 314 9
986 515 7
21 695 4
495 646 5
872 827 5
704 501 7
328 784 6
183 438 8
299 315 10
190 319 4
651 569 6
63 276 6
620 270 2
236 389 7
581 993 1
259 119 2
19 181 3
289 969 2
378 265 4
260 389 2
36 377 4
243 965 4
310 101 2
225 317 9
85 180 5
129 903 3
386 8 6
177 985 5
899 492 7
127 52 6
824 685 9
942 917 4
837 606 4
476 446 8
975 0 10
812 507 1
552 178 2
511 275 6
488 401 9
381 67 8
875 687 3
517 690 3
163 511 3
680 824 2
162 300 3
831 464 4
452 555 8
861 401 2
953 547 7
762 420 10
883 794 5
219 323 7
814 735 2
892 605 6
110 579 6
295 500 10
371 6 9
656 210 10
838 468 10
984 214 8
173 103 9
501 659 9
101 994 5
251 180 9
93 205 7
538 124 6
70 682 5
717 818 1
147 623 4
323 341 9
775 947 5
122 511 3
377 845 2
665 592 1
854 737 7
337 163 8
643 541 10
200 393 8
772 633 8
467 410 8
852 842 9
989 439 4
915 868 2
334 279 5
857 713 1
977 876 8
543 563 4
552 123 8
285 41 2
491 368 5
401 234 7
910 296 8
236 748 1
940 452 5
744 129 7
570 74 7
457 411 8
303 466 1
695 717 1
559 632 3
546 724 7
97 580 9
890 347 3
220 403 8
816 585 7
163 603 3
365 115 8
250 243 3
390 207 5
915 69 9
544 429 10
469 759 3
26 972 5
338 776 10
852 183 7
55 275 2
902 26 4
562 641 5
552 899 3
340 36 5
286 649 10
579 891 8
322 175 5
977 880 1
980 73 2
37 917 8
44 195 1
725 620 2
995 720 8
873 87 4
801 869 7
619 872 6
973 349 1
193 404 7
11 620 5
546 967 9
601 147 8
879 850 2
935 197 1
94 988 9
400 439 2
815 277 3
876 311 1
687 997 9
56 394 1
975 201 2
636 503 1
621 927 1
167 901 4
332 48 9
653 812 5
446 955 8
995 125 2
397 192 1
628 847 3
93 372 8
395 795 1
306 407 3
418 216 2
776 545 7
388 450 1
850 955 4
967 313 10
180 492 3
839 806 5
499 587 2
94 193 9
903 714 2
809 587 1
239 2 8
861 305 4
280 828 10
613 270 1
77 595 2
638 945 6
306 761 5
581 446 6
203 949 6
69 874 2
886 589 6
511 290 7
685 9 6
485 121 10
844 910 7
370 15 1
342 757 9
345 689 8
263 512 1
548 935 1
781 631 8
245 137 2
232 733 4
181 480 7
553 437 10
411 415 6
315 343 9
639 667 7
964 37 9
337 898 4
370 866 4
940 606 7
495 730 8
202 3 5
775 268 6
324 358 5
410 789 5
429 210 7
470 262 8
772 693 3
225 959 7
575 53 6
25 447 5
624 828 7
825 154 3
308 761 3
891 387 8
627 754 7
549 187 9
950 912 1
771 283 8
108 353 9
217 537 6
828 9 6
755 711 9
536 565 4
965 735 4
455 5 9
573 658 6
359 109 2
209 868 8
719 61 10
920 28 2
850 715 9
521 367 8
627 287 2
0 466 3
82 387 5
169 455 4
27 550 4
287 60 5
209 552 9
419 585 5
539 517 10
478 722 7
730 885 7
476 686 4
158 960 3
100 305 6
384 59 2
225 73 3
381 170 1
151 742 10
175 34 8
826 582 10
505 693 8
455 179 5
974 712 10
109 42 7
702 380 7
331 250 3
404 231 3
530 285 2
807 880 4
829 603 10
104 34 1
250 327 1
831 953 10
45 552 3
638 30 2
748 766 1
385 436 9
891 738 6
595 146 8
385 145 7
835 628 4
848 812 9
697 184 6
20 860 2
30 948 7
556 500 4
54 344 5
358 711 8
399 751 2
355 146 7
532 796 6
601 221 9
455 423 9
569 734 4
801 538 3
291 559 9
913 198 6
776 490 5
941 525 5
950 102 3
14 628 8
643 452 10
113 95 5
218 46 9
697 793 4
957 192 1
597 235 8
664 851 10
629 798 1
387 104 3
698 44 8
266 275 3
200 387 1
145 979 1
479 766 1
211 408 6
714 877 1
408 469 6
734 160 6
257 813 5
754 313 10
454 151 4
283 803 8
204 424 1
14 429 4
348 68 10
634 578 6
564 361 2
31 511 9
976 556 1
295 590 1
737 706 7
868 240 9
776 583 1
666 604 1
788 735 7
71 595 6
235 416 4
273 202 10
917 729 5
211 597 10
520 650 3
67 868 8
450 683 5
871 144 8
498 719 1
833 157 4
487 974 2
796 669 9
144 501 6
889 97 5
191 856 4
685 262 7
44 604 5
70 253 5
419 267 5
99 160 7
223 522 3
297 226 1
52 616 6
894 450 6
756 955 5
638 390 8
560 500 10
894 770 1
609 155 3
102 238 1
149 848 9
426 9 3
899 363 6
822 739 3
28 868 9
293 215 10
790 56 5
640 887 1
845 578 6
43 137 4
919 494 8
115 689 9
223 631 4
643 133 2
907 632 8
222 803 3
308 443 3
96 122 8
402 150 3
619 628 7
141 435 9
201 512 10
671 556 1
472 208 3
770 219 9
10 365 1
916 969 6
18 476 2
466 80 9
259 660 9
962 471 5
651 53 9
288 242 1
771 944 5
946 609 3
540 8 7
299 731 8
710 95 7
718 935 4
645 322 2
778 444 7
751 937 4
391 112 1
318 474 1
7 950 5
4 991 7
714 215 1
784 889 1
714 7 5
739 311 9
1 431 5
77 37 6
926 547 1
190 427 3
678 342 10
460 345 9
500 857 9
78 408 2
874 267 8
468 802 6
595 179 5
849 640 4
719 288 4
202 914 2
70 909 3
467 313 8
458 669 3
586 678 2
731 258 3
565 249 4
247 201 2
106 583 7
56 902 7
842 996 9
873 831 4
525 810 3
457 972 4
625 261 7
418 811 9
357 840 1
114 458 10
518 273 3
557 967 4
231 131 5
176 444 4
312 717 2
714 497 10
823 530 2
188 956 10
336 330 8
229 326 8
955 238 10
910 878 8
421 82 3
131 245 8
151 437 6
332 793 4
392 883 7
38 978 4
65 430 5
312 266 8
225 982 1
962 585 10
443 36 7
175 49 4
576 617 5
662 886 7
581 331 5
632 763 3
350 980 9
87 946 10
5 858 1
759 181 2
180 697 9
591 358 1
472 181 8
828 95 6
521 770 2
457 126 9
758 946 5
102 569 5
926 798 6
1 638 5
677 279 1
63 980 7
364 95 5
661 114 2
144 120 4
307 12 7
5 951 2
589 132 3
138 778 1
395 296 5
760 717 6
200 349 3
831 704 8
830 176 6
672 504 1
817 516 7
544 830 2
558 111 4
812 728 7
344 444 9
848 999 3
700 564 2
354 571 6
441 470 1
822 72 9
833 404 2
565 139 6
305 859 3
465 456 3
757 51 6
922 107 8
100 844 1
304 752 4
503 806 9
942 775 1
422 58 5
980 730 2
83 880 9
695 589 8
604 54 10
193 204 1
499 666 5
924 991 7
901 147 2
725 499 4
962 364 6
969 499 5
986 680 5
474 910 9
538 933 9
330 883 1
127 15 2
61 584 10
343 92 8
383 280 6
327 631 1
59 53 8
163 17 8
87 833 7
61 612 10
697 285 4
24 983 4
698 670 7
858 905 4
122 610 10
462 723 4
158 162 7
953 761 1
449 442 4
473 469 4
427 216 8
237 55 7
534 98 5
374 139 6
550 598 9
180 71 9
861 116 4
157 995 4
174 627 1
584 909 4
547 464 10
947 622 10
709 841 7
525 871 7
737 480 8
879 369 7
289 347 2
717 789 8
453 232 3
438 437 7
711 696 4
939 702 3
52 89 4
587 203 7
5 173 7
964 212 2
37 980 6
519 541 5
303 101 7
168 549 7
305 808 1
429 312 6
213 160 6
739 258 5
528 174 7
164 871 6
555 966 6
838 66 8
769 799 5
913 356 8
856 11 2
23 298 9
847 83 10
387 975 8
872 745 2
553 699 7
723 599 2
560 56 8
695 970 10
170 195 8
733 99 5
76 167 7
636 368 8
198 172 9
204 306 6
237 65 4
35 950 5
892 705 1
41 250 3
495 254 1
602 58 6
254 742 5
403 696 8
374 631 4
722 579 3
4 968 3
88 331 1
259 111 5
641 4 9
840 204 8
61 504 8
548 110 1
809 204 7
676 640 2
15 9 2
688 346 7
404 952 1
964 206 9
760 446 7
169 328 7
485 543 10
126 941 3
873 388 9
917 391 3
635 912 3
635 191 2
843 56 8
996 402 8
254 348 1
606 680 5
47 363 10
451 526 9
47 575 9
67 19 2
745 142 8
531 688 10
958 789 5
890 401 1
989 508 8
265 809 1
800 388 9
658 226 7
621 32 7
45 595 7
89 730 9
915 747 5
110 687 8
613 332 3
281 398 8
175 537 8
620 150 2
524 177 4
767 835 5
866 588 4
602 722 9
179 947 2
216 29 1
123 991 6
481 587 10
697 588 2
459 316 9
768 271 5
328 754 4
480 228 7
609 727 7
846 148 9
635 969 5
941 845 1
757 297 7
48 177 2
330 437 7
945 241 8
767 953 9
840 432 7
913 666 9
352 93 4
119 358 6
92 474 7
807 734 6
622 439 4
699 844 2
744 863 4
199 295 4
280 930 10
628 732 5
908 362 7
589 802 1
768 430 8
31 8 10
578 387 8
660 507 5
171 193 8
421 39 10
906 822 9
259 590 8
291 784 4
921 462 10
544 304 7
528 117 9
391 100 2
287 692 8
243 412 4
355 482 10
280 566 7
116 769 7
382 879 1
896 259 2
250 684 9
296 450 3
640 545 7
120 289 9
96 938 1
325 564 2
422 450 10
517 306 4
920 746 9
673 561 3
393 601 6
22 199 10
985 32 5
569 518 2
416 8 5
961 558 8
837 516 8
220 571 8
295 215 5
231 409 8
239 790 9
689 890 1
8 197 2
951 754 8
489 815 5
618 155 8
851 487 7
740 276 2
694 533 8
450 261 5
685 903 7
8 746 9
105 844 3
192 335 10
857 993 5
995 427 3
519 566 7
242 841 10
215 931 8
738 217 4
336 231 10
928 445 7
221 171 2
614 269 7
175 918 4
301 632 10
492 252 3
384 337 6
502 673 7
502 43 3
934 623 7
295 708 6
716 301 10
960 663 4
877 573 5
864 794 2
832 848 2
682 575 1
975 915 8
844 434 6
592 56 1
994 959 6
430 168 3
890 144 5
423 493 2
593 310 10
535 64 2
75 837 3
518 931 8
927 70 6
152 107 3
787 228 6
550 854 10
742 419 1
239 76 4
856 996 1
829 693 2
367 409 9
446 523 7
563 837 4
693 674 3
277 189 8
702 934 6
440 521 9
773 283 9
615 718 6
362 531 7
151 34 10
438 301 3
532 863 6
572 932 7
63 914 5
212 981 9
881 823 5
731 345 7
164 594 6
780 282 3
947 841 10
706 166 4
931 510 1
742 66 7
12 834 3
472 734 8
664 343 2
270 616 8
583 858 2
394 848 4
214 593 5
928 754 4
512 50 5
197 725 9
100 345 9
968 91 8
72 853 1
556 944 8
960 397 6
180 719 9
215 811 4
983 892 10
930 199 7
299 6 8
283 414 1
11 666 9
675 218 2
717 916 7
321 584 8
772 930 8
688 813 4
934 462 5
365 541 7
215 211 9
251 632 8
527 276 8
860 614 7
969 128 3
720 163 3
436 858 8
269 802 8
998 434 7
396 751 6
875 990 2
260 777 1
108 605 1
591 288 4
243 504 10
238 688 5
87 371 2
953 30 3
905 366 2
359 878 6
587 786 7
820 296 6
917 726 9
160 562 8
117 646 10
364 16 8
720 418 3
217 24 7
275 763 4
85 994 3
166 224 7
239 521 3
807 580 3
485 16 1
210 48 5
617 791 8
174 120 6
91 807 7
617 708 10
958 259 3
820 836 9
149 96 2
382 805 3
851 127 8
11 621 4
918 568 6
886 612 8
920 827 8
993 429 7
585 765 1
919 784 10
739 103 2
958 967 1
455 418 10
85 985 10
630 493 1
807 478 10
635 654 1
172 353 5
829 201 8
683 582 9
422 925 7
434 589 7
908 421 9
925 734 2
769 784 2
319 973 9
460 405 9
747 730 2
375 523 2
139 444 4
892 344 2
724 461 6
377 971 7
410 529 9
190 994 1
576 47 7
347 551 6
826 968 2
879 90 4
57 847 9
819 534 2
639 652 4
41 4 9
289 191 4
113 818 1
304 141 4
990 807 3
61 264 6
663 954 9
166 332 8
713 842 1
874 391 4
386 200 5
258 240 7
989 90 3
266 11 7
287 85 2
867 503 2
628 550 4
441 232 6
438 410 8
937 303 2
834 516 5
256 286 4
276 364 3
698 586 8
679 839 5
613 857 7
492 959 8
31 542 3
140 834 1
724 503 3
123 554 5
327 777 8
535 316 3
28 466 2
708 68 3
983 717 8
14 452 6
697 387 8
909 34 1
237 95 10
539 168 4
731 329 10
707 31 3
876 917 8
509 798 5
357 674 10
534 95 8
591 945 4
65 713 1
904 562 9
474 235 5
302 529 5
142 896 6
697 802 8
470 375 9
961 311 1
274 329 4
190 65 7
610 816 7
778 140 7
510 342 8
183 656 8
734 229 3
112 127 5
538 25 8
939 925 7
408 894 8
14 526 6
151 711 8
153 62 2
421 922 7
90 861 3
977 688 10
362 396 10
551 87 10
163 838 4
439 684 6
363 66 2
502 655 4
630 488 3
285 418 1
764 918 4
614 760 9
882 955 3
708 342 7
511 718 5
316 766 9
336 586 2
177 67 7
826 152 1
83 989 9
297 529 3
815 890 5
748 9 4
965 538 9
876 690 5
392 844 8
870 986 7
268 873 5
335 952 7
420 655 5
579 447 3
929 987 9
811 237 1
159 309 3
976 609 2
323 43 3
877 9 1
984 843 6
390 520 8
385 33 8
31 788 5
304 59 7
526 144 1
323 247 1
238 928 6
293 935 2
638 516 5
422 67 7
103 653 10
573 502 6
600 154 2
574 339 4
26 663 8
88 223 3
3 550 8
308 504 8
462 608 1
507 281 2
203 193 9
446 531 4
745 829 5
538 491 9
660 763 2
385 787 2
290 683 4
726 254 7
444 427 7
678 76 10
148 461 10
911 391 5
689 238 2
44 407 4
235 647 2
3 892 1
895 115 1
863 501 2
168 336 4
573 96 7
78 186 1
404 647 6
898 484 2
384 317 1
336 417 8
117 790 6
838 301 5
565 937 1
763 72 3
547 341 8
271 832 9
550 93 6
706 737 5
264 814 2
569 974 4
469 886 10
517 703 4
761 31 1
349 675 1
7 541 3
520 233 6
610 827 3
926 311 1
646 279 5
193 383 3
757 808 7
124 96 10
878 215 6
455 948 8
88 134 3
304 338 5
211 331 7
994 507 6
682 389 3
48 351 1
440 316 7
592 325 3
38 827 10
961 182 6
871 605 4
814 813 7
285 130 9
133 825 6
578 986 5
79 519 4
162 921 7
666 485 7
345 131 1
206 118 7
438 942 2
55 789 4
667 484 1
177 764 8
369 762 10
288 734 3
488 855 10
479 887 4
632 644 8
89 977 2
603 398 3
198 459 8
176 62 3
628 157 5
227 783 4
753 6 5
467 35 7
498 246 4
50 970 9
427 129 2
919 327 9
388 721 3
309 844 8
93 593 5
549 445 3
31 569 9
233 380 6
256 768 1
344 306 3
197 268 4
162 963 9
984 156 1
605 561 1
306 151 5
820 886 6
858 980 4
663 527 5
461 305 6
534 313 7
970 911 8
4 698 2
563 377 8
985 718 1
721 623 7
34 809 8
897 53 10
52 986 8
964 976 5
877 294 2
990 881 9
820 320 10
715 2 10
704 462 9
824 49 8
645 393 2
738 167 7
86 122 1
15 201 3
391 226 3
666 312 1
420 421 9
604 159 6
664 104 7
995 301 8
607 652 1
153 524 1
356 969 9
523 873 10
587 593 10
801 745 10
13 525 2
339 856 6
121 368 1
387 492 6
35 490 5
463 842 2
327 145 10
446 485 9
161 915 5
529 512 2
362 326 10
534 442 5
327 224 5
323 113 8
462 788 10
478 852 2
447 869 6
434 167 10
586 553 7
792 44 2
481 869 6
214 103 7
421 432 10
80 869 8
314 944 2
760 955 7
482 626 1
75 677 8
937 640 2
843 620 6
240 875 1
940 907 9
31 812 3
864 675 5
341 891 8
677 763 3
744 320 5
614 523 5
5 389 7
277 598 6
353 248 9
21 468 10
838 403 4
430 247 3
600 72 9
520 919 8
8 917 1
194 154 7
415 838 3
221 603 6
46 83 7
848 200 5
499 466 10
873 159 6
709 196 1
479 213 5
956 638 4
997 845 8
801 641 2
173 387 3
55 809 6
245 828 6
116 137 3
340 678 2
894 97 6
370 435 3
198 652 4
678 853 7
168 18 10
90 732 2
1 354 3
339 798 4
708 816 3
489 386 4
343 590 3
789 678 7
151 967 2
116 606 4
777 914 2
427 323 9
700 645 2
291 677 1
55 474 9
96 200 5
875 828 1
128 273 9
916 6 6
908 361 9
147 416 1
444 971 10
115 190 2
629 518 9
883 750 6
454 524 4
21 652 1
792 929 3
371 181 6
196 531 5
313 622 3
546 277 3
799 182 5
36 722 1
105 429 9
579 716 4
917 701 7
105 552 5
836 803 5
341 58 6
353 514 3
657 390 6
971 367 2
612 563 6
581 186 7
301 573 3
743 291 9
385 714 10
469 511 10
195 805 10
37 283 6
797 299 8
551 407 1
696 905 10
483 306 3
974 612 9
830 404 7
470 877 3
799 802 10
69 400 2
577 931 9
636 77 2
360 21 8
915 866 3
357 352 6
240 43 8
302 293 2
31 498 6
781 465 10
55 510 1
685 611 4
897 224 6
990 74 5
496 540 6
187 102 4
490 634 5
484 959 6
901 154 7
225 783 6
974 400 1
674 984 2
289 519 6
528 50 4
85 177 6
404 220 6
971 387 9
272 282 1
234 433 2
832 974 6
631 195 4
457 290 10
783 341 4
385 496 5
967 841 6
457 219 10
492 214 7
285 400 10
249 550 3
289 739 8
244 178 8
635 222 9
12 361 6
561 670 10
597 107 6
67 563 4
545 616 2
240 8 10
213 679 3
175 614 9
831 315 10
431 82 2
533 962 3
253 699 10
880 540 9
269 569 5
653 370 5
239 623 2
539 798 7
629 573 3
182 728 7
817 543 4
809 894 8
31 255 5
811 780 2
711 636 8
262 246 4
563 404 2
114 863 4
403 331 1
133 693 9
341 31 7
117 186 4
40 333 8
258 938 4
431 156 3
158 275 10
215 15 2
481 533 3
555 215 7
190 724 9
728 244 1
372 158 1
209 912 7
281 908 2
505 445 6
923 449 5
298 464 4
550 719 1
128 885 10
966 816 5
389 932 2
396 995 9
102 765 2
901 62 10
747 732 7
113 790 2
731 256 1
195 831 2
215 615 7
857 163 3
618 562 10
115 827 7
21 902 9
804 487 2
548 532 8
404 289 5
17 239 9
22 804 1
591 835 2
263 903 1
234 433 8
92 162 10
734 784 10
336 837 4
89 501 10
143 273 3
528 45 10
712 995 4
694 452 4
983 850 9
712 324 6
521 738 10
944 653 4
520 36 4
588 333 3
552 602 10
507 89 7
27 743 9
27 987 9
692 234 3
466 994 9
471 412 8
317 88 3
781 110 8
945 114 10
588 980 9
674 193 8
172 406 4
792 432 10
778 663 2
495 498 5
883 560 6
348 113 5
615 154 10
63 84 4
934 998 6
799 349 8
370 587 8
438 139 5
320 99 1
894 369 5
294 624 9
751 605 6
860 984 6
191 163 5
476 329 2
638 420 4
294 55 5
811 621 6
689 314 9
599 455 2
339 738 8
17 790 2
302 533 10
147 54 3
388 550 9
402 812 7
421 407 4
904 712 7
779 772 6
967 196 1
813 480 6
136 729 4
748 566 5
252 643 3
635 436 9
503 295 4
788 733 5
904 201 10
592 452 7
644 861 1
448 904 1
28 579 8
923 88 2
207 72 7
234 549 9
393 366 8
806 773 2
77 484 3
59 722 4
960 72 7
584 408 2
251 158 2
791 374 1
784 687 5
13 249 4
127 360 2
709 75 1
588 306 3
409 995 9
902 248 4
105 416 3
698 220 9
79 658 3
736 229 8
267 875 4
656 673 6
483 793 3
895 537 6
321 428 9
277 808 1
302 681 1
382 32 3
66 173 2
870 244 2
156 460 1
847 348 5
930 479 3
258 216 7
847 184 8
573 411 1
51 408 10
485 681 4
593 34 1
17 842 7
611 401 8
416 751 1
814 10 3
39 287 1
974 865 6
585 916 6
3 949 10
517 339 10
187 847 5
281 544 9
194 859 10
703 140 10
168 520 5
358 6 7
924 26 4
827 535 3
610 908 7
442 7 4
578 825 5
937 718 10
198 714 6
739 446 5
553 940 6
251 18 10
505 172 4
728 881 7
907 892 1
701 372 7
527 988 3
846 365 3
58 954 3
580 442 2
900 874 9
671 772 4
501 820 10
916 767 4
756 581 8
691 16 2
840 274 8
250 806 1
960 278 4
880 903 5
507 19 8
213 842 5
37 101 7
947 987 10
281 959 3
904 953 8
620 121 6
849 926 7
218 360 6
468 88 6
608 910 1
893 247 6
510 636 3
51 988 4
0 805 7
682 435 1
988 601 1
520 247 8
718 581 9
723 59 2
915 348 7
410 850 5
561 351 9
629 369 2
823 541 7
551 970 7
850 665 8
17 997 8
65 592 3
296 310 1
30 203 9
490 477 6
306 528 7
969 605 1
108 904 1
182 638 2
416 904 6
598 283 10
529 161 9
544 405 1
787 281 10
804 445 5
786 161 5
876 748 2
710 94 3
148 297 2
726 562 5
100 633 7
482 709 10
323 790 7
114 854 9
942 388 8
921 899 1
283 87 4
250 442 10
739 947 4
715 729 1
431 415 6
134 150 5
710 12 10
912 840 10
297 42 7
812 927 1
646 717 9
935 984 8
779 582 4
921 84 8
987 273 5
599 780 2
518 300 3
906 47 2
259 174 9
291 396 1
101 948 10
438 939 1
543 897 6
855 596 6
255 452 8
571 993 10
905 553 5
270 837 7
269 688 1
622 634 1
501 973 4
676 840 8
127 218 1
848 207 10
173 516 7
910 913 5
374 467 1
147 68 7
806 98 2
794 302 6
76 761 7
183 47 3
110 154 3
237 650 7
786 1 8
1 768 10
937 457 2
476 919 6
236 589 3
805 276 5
255 573 5
984 218 5
474 781 7
277 312 3
566 434 6
555 406 7
280 891 2
322 807 10
999 397 1
890 930 1
774 535 7
688 684 3
108 881 8
860 516 6
564 506 9
195 204 1
707 241 4
744 703 5
132 348 2
633 382 3
714 181 8
294 809 2
789 21 10
762 210 10
804 151 6
362 607 8
111 339 7
990 62 7
652 980 10
426 359 6
61 460 2
681 457 10
96 18 9
731 986 8
356 658 7
570 424 1
591 519 3
617 722 1
485 377 3
552 822 4
14 222 10
666 576 9
789 465 9
443 62 8
893 406 8
446 772 6
769 728 7
757 183 8
586 7 9
529 519 5
355 120 7
196 759 1
256 632 9
753 890 9
901 828 7
897 755 6
167 293 1
250 979 9
766 184 5
98 201 2
302 186 5
744 889 9
787 226 3
869 139 8
2 733 1
392 279 9
761 584 3
646 192 2
272 403 10
754 244 10
708 492 7
883 71 10
184 487 4
138 529 4
732 365 2
140 729 5
178 56 1
883 536 7
320 907 6
855 429 8
712 965 3
472 605 10
808 23 1
221 954 1
900 908 2
407 367 9
858 309 5
573 181 7
11 238 1
302 405 1
808 574 4
32 840 7
185 127 7
465 306 1
931 358 2
723 57 2
569 958 1
566 6 1
679 357 9
24 356 2
363 824 6
540 887 4
685 342 5
304 209 10
471 563 8
335 48 3
922 673 5
851 429 5
570 314 5
96 146 1
159 103 6
652 843 6
838 627 9
76 489 3
519 250 8
170 291 10
76 515 8
330 324 3
793 9 5
428 73 2
513 684 4
64 447 7
150 790 4
538 756 3
193 133 4
152 475 1
429 493 2
269 753 10
679 388 5
647 135 3
605 427 3
431 42 9
146 423 9
160 107 3
175 829 1
815 534 3
688 877 2
4 192 9
357 829 2
991 458 2
514 443 4
684 312 8
202 413 9
693 446 4
857 793 5
281 378 10
841 186 1
72 618 7
769 610 3
222 795 7
161 277 4
825 51 4
811 72 6
65 145 8
222 999 10
669 4 4
222 315 7
482 384 9
126 700 7
277 968 9
700 333 6
763 821 8
113 301 9
783 703 2
321 120 5
456 914 4
658 963 3
960 61 10
24 708 7
56 518 3
579 141 10
807 158 8
270 933 9
670 949 10
330 448 6
853 914 7
181 618 10
618 813 10
800 154 4
702 682 9
141 61 7
55 441 7
803 756 7
205 934 9
345 242 7
962 843 10
739 180 6
188 208 9
9 430 10
954 144 6
774 176 7
11 86 9
780 122 10
994 583 10
715 10 5
756 429 9
505 929 5
564 597 10
659 163 6
733 555 9
212 911 7
331 752 8
796 79 1
911 628 7
77 359 5
515 442 10
268 609 2
676 995 5
734 737 2
619 953 6
161 192 4
209 101 8
112 696 6
256 183 10
944 275 5
522 664 2
413 640 1
98 395 6
16 778 10
624 101 6
287 691 8
74 130 7
171 879 5
559 612 10
181 563 3
75 770 4
913 305 8
524 15 10
512 452 3
287 638 4
773 943 10
723 237 6
614 129 8
43 230 8
586 718 5
990 673 4
995 226 5
107 191 3
760 894 7
589 449 5
339 536 9
970 620 2
922 721 9
330 65 5
30 849 3
502 544 8
556 775 8
91 817 9
145 735 5
494 833 4
671 451 9
745 713 6
638 255 2
174 288 6
65 90 8
515 72 6
517 519 3
304 362 4
862 169 7
929 357 7
69 867 6
428 704 3
9 639 2
436 517 4
247 639 7
1 538 3
15 503 5
521 751 6
974 867 8
35 370 6
181 603 9
169 431 2
275 272 6
134 392 1
564 968 3
167 915 9
426 822 4
194 503 10
822 31 5
394 775 2
577 393 6
549 513 8
633 409 8
189 763 9
900 117 1
785 866 3
162 359 7
461 37 5
29 599 4
164 99 7
641 625 7
160 483 7
594 892 7
149 199 9
896 504 2
369 253 4
949 376 1
222 887 6
928 629 9
743 742 6
505 903 3
70 502 7
912 633 10
298 305 5
77 439 3
728 271 5
7 409 4
881 732 9
551 790 3
485 932 1
156 540 10
807 556 3
460 46 8
850 16 9
27 155 10
639 634 5
674 513 2
933 367 10
532 794 3
928 608 1
612 594 3
952 653 2
707 441 3
135 335 2
903 371 10
298 975 10
969 113 8
160 943 10
416 209 1
577 527 6
232 113 3
573 793 4
361 427 8
126 603 3
864 403 10
95 323 5
273 948 6
34 263 10
428 259 5
286 922 10
836 794 1
198 620 7
394 981 3
532 586 4
200 228 9
253 541 8
975 127 9
310 532 8
944 614 3
16 59 3
423 360 10
11 925 8
804 437 1
982 71 2
557 376 5
358 778 2
6 597 2
424 690 10
213 527 1
281 846 3
148 439 5
459 394 5
466 399 10
784 767 1
599 552 4
403 104 1
968 778 4
422 366 6
120 733 1
888 152 3
767 208 2
819 228 5
972 896 9
771 653 10
938 939 4
682 698 2
873 36 3
210 737 5
942 313 5
116 887 5
610 113 3
277 741 10
150 268 9
697 245 5
918 405 6
934 776 2
642 336 6
529 62 8
263 104 10
547 605 10
679 1 5
373 554 5
763 531 8
185 407 6
770 424 3
750 136 3
978 644 3
217 849 6
390 202 2
552 455 6
905 501 4
313 630 6
135 638 8
296 517 3
86 471 10
246 711 10
368 733 10
950 569 3
981 671 1
356 438 4
105 801 8
160 608 7
536 87 4
731 37 1
113 36 6
835 773 5
490 730 4
156 178 8
582 687 3
112 272 10
915 975 3
252 849 4
755 471 8
726 820 4
446 587 7
514 201 3
40 617 10
626 437 8
575 537 3
222 549 2
851 175 5
957 821 2
556 337 5
128 93 2
140 30 4
706 641 5
1 99 7
260 480 6
532 110 9
276 139 5
242 821 3
588 96 1
576 983 4
425 392 9
444 582 10
448 855 10
407 691 7
570 51 5
342 843 6
543 585 10
471 301 4
705 836 7
569 32 6
910 138 9
659 620 4
630 418 3
935 605 6
47 739 10
918 126 3
837 803 5
117 985 10
12 497 1
185 934 8
769 221 7
191 52 8
100 471 8
246 947 5
414 572 2
71 900 9
385 954 2
172 533 6
544 497 7
728 727 1
130 465 9
399 550 5
539 912 9
131 731 10
272 10 4
895 674 7
444 669 2
730 143 1
264 511 10
506 638 5
144 853 6
377 706 10
313 569 10
601 324 8
223 186 4
202 589 3
180 105 4
655 745 7
672 999 7
828 428 9
760 574 7
699 512 6
829 990 8
151 880 10
191 181 4
636 300 7
715 481 6
435 67 10
766 417 4
743 108 4
535 893 1
504 180 10
343 637 10
733 721 7
331 111 5
347 384 8
743 135 8
569 882 8
899 835 4
170 658 1
428 390 9
275 556 4
36 636 4
704 900 7
539 701 8
276 594 2
409 586 4
282 636 2
487 348 7
678 708 9
244 970 10
729 398 8
394 502 7
67 551 9
324 806 7
523 303 9
430 782 10
289 482 6
292 61 7
371 691 2
412 913 5
353 332 5
366 138 3
555 362 10
794 750 7
851 371 2
889 260 8
888 663 2
540 850 2
296 447 6
353 915 5
339 563 1
464 487 4
66 332 6
922 219 9
587 193 1
638 317 8
990 165 6
401 680 8
46 488 4
448 395 1
461 860 8
361 792 10
80 178 4
42 39 6
912 777 5
283 389 6
21 548 3
200 734 4
499 608 3
406 885 10
708 349 1
787 924 5
178 451 3
78 202 6
496 100 3
265 963 8
777 329 9
543 775 10
835 881 3
613 655 8
770 120 4
86 990 1
145 602 9
210 874 2
149 726 6
518 248 10
224 767 10
698 189 8
870 918 2
692 932 10
601 64 5
227 860 7
93 522 1
698 455 7
855 935 4
282 793 6
973 649 7
114 788 10
143 43 5
518 608 5
645 916 9
40 811 10
891 921 10
474 951 10
873 737 2
894 43 7
300 47 10
115 180 2
830 264 4
736 542 3
646 225 7
745 68 8
876 24 4
2 349 3
87 647 8
92 672 6
103 395 10
178 291 8
819 308 7
369 183 10
897 174 4
739 84 3
561 388 3
143 813 2
966 234 8
392 66 7
435 765 10
359 29 5
885 115 4
820 11 2
85 352 9
654 571 1
471 780 8
458 424 10
129 324 9
302 164 6
731 393 2
188 485 3
637 408 8
376 88 8
103 816 6
667 419 2
552 536 5
643 591 5
676 495 4
170 208 4
670 648 3
204 885 5
133 419 3
98 409 7
559 204 7
469 586 9
92 126 10
556 417 4
173 711 1
611 708 7
930 681 5
354 639 10
59 262 8
588 102 9
52 98 1
731 157 1
117 296 3
876 828 4
430 617 4
303 243 9
278 740 2
818 908 10
422 791 10
267 348 4
167 466 2
354 977 9
910 179 10
722 646 10
645 646 1
274 478 4
733 254 8
602 321 9
960 381 4
419 946 7
517 962 6
507 744 3
549 824 7
40 897 1
927 367 4
654 80 4
165 556 7
526 387 3
769 167 8
187 973 9
209 750 1
804 402 10
883 479 1
422 515 2
109 37 5
586 645 6
684 140 3
746 118 4
156 323 7
976 329 4
147 964 8
640 968 2
953 936 7
504 750 10
333 858 8
678 137 5
220 531 6
911 588 3
844 528 1
835 493 5
499 469 3
259 548 4
59 375 5
941 120 6
549 546 8
925 157 9
978 325 8
123 502 3
306 369 9
812 899 3
83 4 2
577 670 7
505 399 10
995 969 7
197 475 3
38 413 2
255 722 2
160 439 2
725 628 8
16 268 6
851 261 10
635 810 7
417 859 6
976 912 10
840 111 7
816 36 8
212 56 5
992 419 2
814 490 10
231 564 3
108 160 6
520 716 6
332 283 6
73 508 9
326 163 3
938 101 5
266 394 6
521 524 7
232 408 10
644 928 5
504 939 9
383 849 1
469 942 7
356 728 2
950 333 2
977 138 3
515 267 6
917 725 9
848 505 9
487 290 4
313 63 2
49 952 7
408 258 4
907 151 1
113 501 3
671 717 3
206 21 4
748 285 1
277 613 9
75 38 6
520 765 5
235 692 7
447 73 6
519 718 9
31 741 6
511 880 2
210 567 6
868 415 8
639 405 10
851 572 3
592 969 7
104 216 10
432 819 1
118 591 1
95 480 9
133 428 2
593 879 4
576 492 4
719 104 3
575 286 3
715 409 9
964 331 1
984 755 10
306 276 3
55 344 9
953 71 5
252 611 10
72 404 10
603 558 1
135 866 9
976 416 5
194 455 9
120 834 10
568 813 4
968 495 7
690 841 2
235 994 3
7 563 4
682 519 8
133 378 5
235 357 2
667 989 3
990 524 10
585 841 7
630 111 10
92 441 7
595 566 2
316 785 5
387 594 2
390 632 1
996 78 8
944 953 2
438 486 4
702 661 10
979 655 6
406 645 7
791 513 5
746 696 4
774 597 1
216 855 7
890 755 9
869 695 10
805 983 7
306 156 6
403 755 1
956 373 8
731 11 9
733 517 4
965 552 5
996 754 6
565 528 3
844 896 10
797 4 3
83 861 8
25 852 7
283 214 6
614 5 5
612 67 8
19 218 8
670 709 2
610 339 4
78 81 6
926 91 3
605 196 5
396 471 3
163 414 2
278 112 10
450 348 1
496 389 1
865 163 1
400 373 9
250 539 2
817 680 4
217 209 2
418 104 7
151 508 2
238 199 1
899 421 6
261 44 9
295 42 1
737 678 3
165 39 10
454 148 2
663 517 10
832 118 4
539 395 2
318 965 9
65 885 2
155 276 9
616 976 1
448 748 5
617 733 4
910 273 2
869 345 9
528 634 8
887 942 2
474 279 9
329 920 9
737 956 7
636 7 4
954 771 8
661 802 6
328 895 6
276 873 9
295 231 5
151 912 9
418 725 6
153 273 8
659 187 7
217 224 7
813 201 4
323 563 9
153 813 9
839 293 4
250 874 4
276 578 9
5 810 8
657 605 5
417 671 7
22 260 5
461 923 7
274 644 3
936 698 5
951 442 8
790 660 5
968 734 6
394 920 2
155 77 9
755 634 10
448 870 3
808 265 3
252 53 2
325 920 7
415 460 10
525 804 7
437 338 8
525 677 3
44 692 9
544 603 7
746 82 9
548 306 5
106 333 7
301 495 6
927 851 4
761 659 3
122 617 6
431 607 4
404 588 7
36 578 3
137 505 8
311 276 2
134 332 9
814 224 10
70 31 6
272 404 9
494 358 1
197 884 6
259 695 3
17 368 9
489 194 8
550 476 1
436 194 8
997 384 3
989 270 10
444 919 8
984 909 7
386 58 8
380 497 2
881 808 1
734 641 4
497 93 7
670 946 3
868 820 6
441 793 10
999 585 3
606 284 10
87 712 10
474 695 3
1 11 8
594 516 10
598 471 1
34 205 10
970 411 7
312 809 8
690 333 7
795 929 8
74 476 10
184 797 4
65 192 2
179 602 6
647 36 5
306 956 9
817 432 7
678 263 4
780 563 4
514 437 6
219 367 7
546 127 3
157 867 5
769 815 5
512 619 1
517 311 8
440 258 2
425 103 7
674 578 3
942 36 1
270 190 1
206 278 9
484 312 1
354 202 8
654 884 9
972 929 7
121 960 10
78 853 6
895 724 10
544 108 8
313 399 4
10 542 1
474 101 7
369 193 2
707 288 8
616 93 8
394 137 9
371 72 10
533 353 8
877 570 5
899 31 2
233 506 1
368 989 3
722 410 3
6 393 4
787 921 8
277 239 10
692 29 5
334 195 7
761 173 1
911 810 1
62 104 10
302 176 7
660 897 5
206 575 1
840 80 9
485 29 2
98 660 6
947 919 8
853 542 7
698 115 2
787 634 9
720 611 6
674 127 6
802 426 9
313 690 3
290 914 10
761 191 7
520 956 4
890 437 6
552 944 1
747 723 4
535 75 1
113 487 8
881 488 6
268 91 5
71 397 6
433 577 4
89 872 9
410 183 5
696 933 6
838 97 4
519 139 8
181 937 6
263 11 6
647 915 10
814 666 4
305 968 2
17 941 2
547 383 1
565 376 1
429 719 2
484 367 3
858 821 2
196 276 8
149 361 1
714 549 8
84 151 3
898 275 3
897 459 8
814 820 9
959 685 1
415 107 9
472 308 2
655 769 3
542 622 2
74 800 1
710 320 7
846 921 3
103 800 5
844 526 1
174 373 7
907 335 1
892 680 8
828 185 2
717 492 8
769 532 6
398 163 6
497 649 3
285 123 10
769 801 6
282 440 3
919 711 7
799 421 1
322 650 1
725 376 7
145 230 7
919 883 10
215 919 5
835 402 10
906 183 6
644 304 8
806 960 9
868 823 8
247 67 10
991 956 10
909 191 7
40 957 4
613 61 5
318 335 10
863 59 4
566 571 3
46 994 6
985 379 1
126 22 6
950 427 7
784 283 7
713 562 1
897 666 7
347 185 10
151 813 8
511 144 2
740 404 3
108 428 7
896 284 2
637 699 6
51 772 4
997 251 6
522 970 3
538 57 4
247 766 8
367 550 4
975 591 8
294 439 4
304 106 8
646 766 8
63 702 3
125 928 2
135 197 5
896 715 1
507 774 7
732 413 5
480 702 5
636 970 3
18 673 10
798 302 5
775 673 9
385 517 10
886 788 2
427 437 9
513 450 3
871 670 8
809 136 8
391 466 10
415 820 6
112 945 3
382 947 8
221 336 8
120 905 3
574 949 6
935 308 7
537 852 8
185 815 10
619 366 10
812 656 2
725 788 10
321 227 8
140 255 9
316 10 8
830 471 6
757 515 8
14 317 8
106 112 1
509 57 2
965 879 9
564 317 8
781 888 1
472 903 6
559 250 3
594 125 6
714 148 5
481 823 4
142 794 9
280 656 9
970 742 5
848 296 3
553 148 6
646 86 7
446 445 8
52 727 5
983 58 8
241 270 2
473 895 4
491 283 3
282 513 2
962 392 1
882 126 8
314 339 1
3 7 9
809 682 3
413 859 4
226 614 9
625 896 10
36 231 2
952 904 8
230 783 4
931 162 3
868 850 4
305 39 7
392 575 1
226 586 2
990 799 8
385 58 4
390 186 1
371 37 9
966 220 3
0 843 8
962 577 10
290 896 8
902 670 10
770 742 10
500 327 7
113 244 7
309 177 9
687 96 5
463 574 8
298 39 9
157 174 10
783 916 9
359 5 4
741 832 5
430 9 5
875 593 3
123 446 1
921 169 8
153 108 6
807 972 4
36 156 1
551 133 5
368 143 4
567 793 1
226 175 2
915 319 4
525 663 6
64 626 6
767 536 2
708 872 3
144 841 3
515 679 2
479 664 6
547 805 2
244 123 3
265 133 3
141 501 3
881 608 4
535 253 6
259 277 7
280 928 2
928 889 6
647 439 3
568 30 3
763 893 7
895 977 5
410 777 2
276 908 6
157 485 5
728 743 6
816 117 9
363 837 5
91 655 3
753 697 6
513 278 7
835 409 3
772 127 6
365 825 9
342 296 2
97 566 8
911 478 4
55 569 8
234 298 8
455 947 6
508 384 7
578 423 8
935 360 7
448 737 10
596 777 10
303 252 7
503 69 2
512 712 4
522 113 10
659 458 3
557 466 3
120 892 7
78 290 6
457 366 5
740 94 3
239 804 4
931 367 5
66 481 5
516 432 6
755 681 9
858 205 6
753 224 3
188 166 3
535 888 8
868 25 1
463 441 3
641 158 1
441 313 5
516 988 9
722 59 2
638 528 5
556 32 9
449 255 10
415 432 5
768 583 9
28 589 7
538 54 2
983 639 1
391 204 3
698 843 2
678 252 2
720 778 9
655 996 1
590 719 9
402 690 10
325 792 7
293 450 3
259 895 6
448 807 1
757 161 4
595 831 3
447 217 6
113 756 10
324 345 2
323 243 6
621 193 6
604 485 9
64 751 10
477 272 8
736 336 10
124 351 10
601 850 8
734 915 5
779 936 1
930 618 4
499 573 10
291 486 3
14 921 1
705 169 1
262 485 3
240 103 3
394 718 6
367 466 7
231 346 8
808 262 1
470 372 9
470 513 10
846 324 7
395 704 9
943 501 10
752 39 5
959 934 10
322 858 5
438 173 10
549 107 1
507 775 10
99 966 1
937 136 4
713 48 8
552 770 9
66 639 4
197 580 2
675 652 2
22 613 5
576 194 10
129 614 4
267 584 6
177 120 1
605 506 4
191 2 2
247 331 9
665 414 3
298 568 8
392 610 8
195 236 9
221 950 6
515 493 3
164 440 3
470 182 6
557 214 5
949 189 8
966 453 9
35 744 8
829 612 6
973 473 8
665 106 3
153 543 9
559 413 5
343 106 5
828 427 4
517 413 9
598 612 6
10 526 9
121 923 10
356 427 1
475 866 9
49 581 3
569 819 10
270 278 3
890 84 5
115 419 7
6 988 6
766 990 1
997 576 2
355 457 3
784 149 2
858 351 2
609 855 8
183 518 9
164 408 2
555 501 1
838 835 10
288 507 3
221 763 7
415 704 2
613 323 10
918 843 3
667 99 7
85 364 8
224 329 10
682 282 4
816 969 9
488 220 8
450 557 4
888 54 9
953 584 1
819 139 6
174 260 1
425 271 2
931 484 5
961 706 3
114 868 8
970 778 1
38 122 6
444 286 6
88 636 8
699 528 3
480 703 2
280 230 10
521 813 1
642 799 5
520 65 1
708 749 4
304 318 2
459 40 8
230 611 8
206 315 8
396 610 7
880 463 8
497 442 5
486 396 3
398 100 10
47 427 7
303 94 9
869 341 2
844 263 8
162 512 7
470 831 5
822 132 6
82 758 5
374 448 2
663 392 9
330 54 4
12 363 5
904 249 9
631 259 1
957 834 6
149 675 6
71 314 1
704 162 2
916 593 10
336 715 8
762 761 6
994 30 2
165 642 4
755 622 1
820 995 5
540 243 2
817 342 1
209 19 6
242 343 8
647 47 9
942 438 6
167 661 9
931 616 8
287 506 10
288 128 6
224 496 2
317 674 3
188 402 6
403 643 10
959 702 9
916 13 5
641 361 2
954 406 6
591 19 2
376 205 3
972 88 1
857 445 2
920 643 7
386 777 5
309 154 6
501 330 5
788 917 5
901 436 1
52 450 10
246 7 8
391 115 6
618 665 3
859 16 6
210 351 2
527 628 10
289 400 8
656 32 2
84 24 7
316 701 4
942 102 4
506 997 1
36 250 9
167 587 6
480 609 4
286 97 10
532 74 1
64 719 8
666 888 4
445 836 9
580 616 4
550 119 8
239 502 6
849 564 8
424 128 9
518 84 1
182 434 7
552 568 1
872 473 2
754 620 9
362 72 3
946 458 5
897 745 7
693 277 10
56 933 8
987 563 1
18 788 10
135 330 2
635 70 6
251 513 10
607 908 5
114 844 3
776 14 7
218 786 6
678 337 6
322 546 9
364 67 5
208 702 4
466 975 9
659 72 2
39 714 5
288 638 1
318 634 2
745 344 5
641 727 9
956 726 7
731 17 5
294 22 3
846 763 6
935 436 7
543 239 5
449 398 7
24 6 4
391 533 10
269 531 6
18 292 3
393 86 7
834 82 1
413 51 8
260 395 4
772 280 4
297 927 1
735 2 9
562 718 4
432 791 2
542 776 3
768 92 9
710 610 6
363 816 2
634 678 6
225 872 3
462 883 7
564 599 7
685 350 10
249 14 8
151 178 4
748 575 10
631 526 5
684 48 2
413 463 3
227 882 6
505 564 1
460 820 3
68 12 2
925 77 4
444 678 7
549 327 2
336 20 8
994 220 9
816 454 3
179 206 1
731 160 9
246 458 6
838 59 9
912 155 8
435 960 5
933 637 10
971 766 7
630 102 1
646 336 8
818 695 5
690 689 6
435 572 10
13 546 1
136 367 1
922 394 7
486 826 9
161 780 6
573 159 3
585 745 5
384 6 6
986 169 10
697 232 7
846 289 7
358 492 3
878 177 2
712 530 10
725 514 7
999 182 3
490 122 10
618 968 8
263 971 2
304 5 8
510 409 9
37 731 7
814 181 4
698 8 7
854 530 1
92 57 1
443 857 10
618 442 1
503 915 3
260 663 8
946 593 5
601 510 9
894 59 2
611 103 6
520 893 7
136 660 7
647 849 7
229 800 7
162 997 9
666 41 1
179 612 7
744 29 10
239 688 10
969 879 1
30 283 8
74 341 5
568 942 3
131 744 1
329 681 3
649 42 10
144 251 2
564 29 3
130 241 2
377 97 6
834 359 1
429 823 5
882 834 3
762 411 6
384 809 7
821 670 9
590 729 9
731 992 1
512 615 3
899 488 2
801 159 8
506 987 5
132 727 10
468 965 5
402 493 1
290 546 1
519 281 4
954 320 1
582 210 8
863 203 3
673 877 9
285 639 5
775 478 6
635 668 2
811 195 9
916 721 4
473 414 5
214 574 8
456 112 2
261 19 3
643 148 8
816 715 1
203 96 10
725 346 3
113 140 4
882 740 6
217 152 7
710 681 6
859 228 1
460 216 1
511 213 2
485 528 6
479 800 6
375 559 2
599 645 1
618 720 6
286 359 2
188 919 4
173 374 4
374 826 5
947 764 9
547 783 8
726 884 9
565 76 2
123 160 1
721 217 9
55 478 9
47 18 3
264 679 5
734 724 1
829 41 4
528 710 4
948 375 1
156 529 5
500 849 6
731 210 6
59 543 6
667 107 4
105 641 7
295 102 9
175 271 6
731 43 5
710 839 6
882 441 8
107 702 5
980 808 7
544 535 8
337 445 2
958 619 2
742 85 4
928 69 10
782 430 5
51 380 10
531 638 8
572 445 1
164 616 6
886 140 9
29 514 2
949 154 4
188 95 6
104 637 7
342 971 4
446 80 10
112 884 4
909 113 9
194 783 7
775 162 4
824 526 9
814 525 6
537 378 5
828 860 9
383 808 7
522 848 10
609 604 6
297 27 6
26 164 6
856 388 3
202 313 8
463 877 5
731 55 7
414 736 10
110 539 8
180 36 5
185 798 3
189 366 10
732 458 3
861 63 1
124 660 3
647 97 9
91 778 10
857 676 8
212 443 8
895 12 4
624 280 10
723 827 3
741 865 10
815 478 3
442 223 4
18 709 7
411 677 10
359 91 9
691 84 4
831 965 5
504 238 6
290 677 8
104 573 8
505 620 4
255 854 2
52 713 4
614 179 1
279 910 4
858 212 5
984 682 8
308 251 6
426 813 10
94 757 9
666 285 5
824 623 4
399 661 3
653 766 4
547 428 9
336 748 3
923 466 6
630 723 8
952 243 8
107 212 1
75 580 6
454 998 1
488 755 2
912 279 3
358 59 8
752 284 5
527 333 10
969 384 10
91 497 10
727 4 3
714 694 10
47 71 9
504 815 5
334 835 7
354 659 5
449 343 3
587 343 10
984 571 7
31 471 7
83 635 1
674 153 5
62 725 2
454 958 10
504 368 1
967 612 5
655 349 4
271 244 3
357 610 8
299 348 7
938 599 3
364 159 10
839 258 5
924 332 4
269 894 10
698 371 1
285 864 1
368 212 8
994 32 6
359 612 1
86 179 7
39 555 4
90 621 8
850 695 5
495 198 8
186 730 7
450 583 5
289 641 1
316 285 4
582 314 4
390 691 6
27 111 6
753 28 3
595 762 3
129 978 4
504 745 2
343 45 3
954 311 8
58 720 5
664 917 10
714 499 2
886 840 6
653 411 6
913 470 9
510 247 5
344 536 2
40 206 7
437 321 1
582 115 8
237 986 9
145 727 2
436 408 1
885 188 1
86 842 6
913 544 4
150 455 7
769 243 4
477 615 2
449 130 5
170 787 1
511 328 7
958 374 3
13 721 2
995 780 8
657 798 1
580 67 1
239 743 5
448 780 6
19 982 10
50 550 5
898 954 1
747 881 1
470 573 8
501 247 5
527 176 3
641 834 5
421 807 2
556 737 6
46 699 2
978 379 8
599 413 6
244 674 2
72 753 3
115 406 10
893 488 4
946 165 3
281 870 6
749 944 7
720 153 2
244 180 5
287 698 10
271 474 5
175 274 5
338 240 2
278 119 2
715 845 4
922 942 1
193 328 1
989 728 1
474 318 4
782 163 1
892 632 5
868 664 8
896 365 1
334 95 10
540 322 8
721 414 2
56 141 3
981 415 8
890 674 7
843 973 5
903 221 5
768 268 9
866 479 8
682 827 3
376 945 5
472 446 3
356 536 4
43 441 3
913 929 9
962 719 10
921 307 8
108 967 5
9 479 4
670 537 1
598 103 5
996 652 1
347 761 9
178 350 3
707 236 6
199 869 3
751 377 7
218 259 2
306 562 5
266 955 10
694 364 3
624 829 5
124 54 2
117 748 5
0 933 4
296 575 6
284 356 2
935 929 8
112 940 8
920 916 7
734 194 10
663 488 1
745 110 8
974 429 1
882 393 7
485 120 5
188 36 9
623 676 7
148 167 4
233 357 9
681 736 4
858 991 2
645 831 1
970 749 9
704 563 4
163 110 10
17 366 4
238 523 3
540 1 9
877 339 9
827 861 3
758 139 3
972 157 2
362 377 3
830 928 1
638 883 3
920 215 8
229 681 2
985 344 9
967 762 3
301 90 2
286 355 9
983 43 9
604 835 10
841 400 8
351 812 10
546 403 2
155 300 7
831 520 9
325 59 3
64 628 5
89 372 2
815 852 5
247 29 3
270 158 10
576 224 4
574 756 3
648 664 2
373 344 2
306 432 2
142 327 2
805 67 9
312 280 10
187 926 2
232 122 6
693 356 8
721 159 6
819 688 5
640 97 1
675 511 5
760 109 6
892 460 7
618 912 6
907 386 7
328 205 9
277 758 2
899 408 10
850 169 3
315 563 5
559 68 10
792 350 3
989 636 9
749 961 4
392 122 5
27 275 10
127 91 7
681 233 5
223 853 8
456 600 4
977 831 5
636 756 5
570 826 5
335 222 5
51 82 2
309 223 4
660 903 8
313 339 2
631 56 9
224 612 10
364 431 9
837 402 9
705 842 3
755 526 1
350 62 10
411 155 3
561 935 6
890 176 8
859 341 1
961 898 2
910 128 8
442 68 4
666 271 2
858 915 10
467 848 1
344 597 9
762 335 8
717 686 8
831 267 3
313 608 10
370 643 8
214 604 8
791 705 10
412 619 9
596 253 6
138 12 7
800 849 6
970 543 8
225 754 7
856 509 3
317 783 5
592 486 1
109 202 4
964 334 5
519 418 2
414 351 4
412 159 3
385 566 2
763 62 7
695 454 10
884 827 7
7 327 6
997 102 8
7 245 7
937 282 6
78 239 8
610 273 6
906 595 1
154 986 2
398 799 6
625 496 9
889 957 5
333 128 3
768 60 2
894 512 2
402 894 7
206 633 4
89 320 6
441 974 10
19 434 1
838 766 10
845 592 4
752 879 7
655 266 1
310 487 6
991 470 10
991 740 7
157 969 6
683 665 3
721 903 6
695 670 9
810 313 1
416 863 2
25 584 2
752 151 2
704 171 1
866 667 10
911 977 7
642 880 5
742 830 9
811 820 6
146 462 7
956 280 1
24 162 7
58 97 6
871 354 10
626 109 7
385 568 4
223 941 9
85 213 8
435 625 1
991 208 5
622 10 7
312 132 2
977 626 2
866 532 9
985 760 1
402 763 2
364 104 4
772 644 2
907 675 7
389 172 10
955 259 6
773 390 8
474 777 10
35 352 6
517 794 7
440 167 7
836 933 2
293 481 1
683 60 6
391 198 9
451 801 4
609 364 2
15 731 7
956 135 2
866 767 10
323 614 4
314 122 2
659 826 2
77 738 8
364 638 6
70 377 7
87 897 2
771 199 1
171 847 1
